,0,1,2,3,4,5,6,7,8,9,10,11,12,13,14,15,16,17
0,0.6695841937516321,-0.9697996063848588,1.7923163697787008,-0.6300929215221415,0.16400588439031513,0.7590026219539975,-0.5957009142973615,-0.7290975062360815,-0.33698256202007626,0.4981197957850901,-0.6644688828573371,0.5570976330602586,-55.657273788988704,21.26871159781844,-57.45857243982771,-42.140787023249324,3.112596284812681,16.75703460218507
1,1.095870797035002,0.7221264039141774,1.64989846266726,-0.5203028645451554,-0.3030670009183796,0.7983954672344052,0.5086040170012969,-0.8609881422964341,0.004623063386952647,0.6860079321963048,0.4084725349142513,0.6021156908638702,33.66060195297626,27.770673316474237,-52.29345538197036,-10.515322507753645,-12.740995745774796,12.334544731093175
2,0.3536347392029696,-1.197158823333029,0.639567860106037,-0.1505426880223385,-0.6685816183127831,0.7282413876849275,-0.9565642474428508,-0.08750540998361805,-0.2780784848521929,0.2496432246168543,-0.7384723575583984,-0.6263679729400601,-73.7861818562323,36.29344206823232,10.025786243736368,14.389194414060846,-7.751009367406402,-33.61837006916616
3,0.5964407069412883,-0.011474682050125196,1.4735310341286914,-0.08027551638889906,-0.9689331945858072,0.2339322677576521,0.3098218466049002,-0.2473195787433811,-0.9180650572462314,0.9473997386714994,-0.001220819371897646,0.3200503784800697,-1.4465797611504705,-40.53726382346309,20.35324957345063,-40.688497389470676,1.9950741846614748,-35.47276422669805
4,-0.04925773481871412,-0.1288110470044959,1.810376633603044,-0.24539594676665605,-0.8171540717198742,0.5215745894712733,0.7911320188813404,-0.4797501668264008,-0.379407309010745,0.5602597237096658,0.3195293421607338,0.7642054968966775,52.45987793296964,-58.87074117672522,-22.89463620398538,27.51123571982601,32.70017498645245,-41.92076621306261
5,0.9624670922610671,0.12284496933539835,1.3242101801631727,0.06572879701505414,0.2754334232035749,0.9590704638478416,0.12254743569382084,-0.9561010759673876,0.2661820026577171,0.9902837226006608,0.10003580317248664,-0.0965970332661043,7.5647717855778325,-9.898944683445169,10.361077237548416,19.4070517198437,5.388325065413922,-3.9897059306725415
6,0.18789467631465304,-0.7146114918259219,0.7496416236175713,0.41689005176871796,-0.5111047913537061,0.7516479075947463,-0.8945331323801868,-0.3774285173961908,0.2394956979367359,0.1612859566433685,-0.7722173311389728,-0.6145463641404411,-74.67354230982373,-7.501672177675783,56.084288965004205,-14.790470736025426,-10.965868269356882,30.03468070744093
7,0.2858690616729994,0.5850939549268396,1.7123191689968138,-0.9968947171800604,-0.07760166977026063,-0.013375489051053456,0.061545000185563366,-0.8737759388952087,0.4824187201591118,-0.049123678716545986,0.4800974791192553,0.8758386122640915,60.03194245168597,-24.407508091722804,-0.2678003937218173,24.058683038724705,-43.84002711364853,41.44933144080347
8,0.3945989066984876,-0.4779861192720068,1.5503025390933003,-0.6660947249430955,0.0340854716184302,0.7450879129522441,-0.5321449643113736,-0.7216834646374781,-0.4427129022593456,0.5226275484138094,-0.6913835097060063,0.4988479609516071,-49.76304246899603,-36.02629912909651,14.436133226184365,-18.13765484641365,-8.802143933426851,-11.206998481579038
9,0.9158324033931698,0.0445489996445218,0.19711907508908472,0.6640108672060612,0.7472524974792886,-0.026519299448145114,0.7470070065909991,-0.6614060980034381,0.06724957715719453,0.032712388115357316,-0.06446455254503887,-0.9973836880202916,3.439558881623229,59.38162601610714,24.86943178106568,42.93711647823636,5.586310381323142,2.2409912260560163
10,0.20871297178619824,0.42014560137450896,1.9610047753454756,-0.2707610196194037,-0.4944285951583051,0.8259714489886717,0.8899006097641324,-0.4557628956147203,0.018896764863614902,0.3671040383816093,0.7401490034247633,0.5633951346375328,63.56972775180285,-23.331355060420947,-35.38587955454872,-0.09884492094089556,24.42633611976517,1.3727217912806444
11,0.006918787887316145,1.5163693745672457,0.9025611201878054,-0.42465776785510295,-0.12759149517171545,0.8963181302194927,0.8954848543033576,0.08658658714236632,0.43658863778198775,-0.13331412495911926,0.9880400666404594,0.07748658464212255,88.82151237970676,45.38173184415826,-22.334313117246552,18.58016932646949,-28.82159040534848,8.867765260899226
12,0.6157112939742002,0.0009644859306010904,1.293200356991812,-0.3571797669849182,0.2707624523915041,0.8939296999381651,-0.11837825449482248,-0.9624666665500544,0.24422224436522036,0.9265037522424604,-0.018590593184857257,0.3758260061859432,0.4763268972488109,-42.37178107040109,37.53914471780428,-5.0683018386115615,-17.314446947331472,20.731287267668925
13,0.33920998031051186,-0.5956037342276352,0.962682033744605,0.4923971079986722,0.4695408615116363,0.7328550111757812,-0.4946362454925754,-0.5418537821726113,0.6795067795027838,0.7161564582404829,-0.6970838243110701,-0.03455530645647115,-65.03088891719902,-28.083368170565663,55.33547686774949,41.79475913689449,-32.18156543265736,6.477958178130644
14,0.5401927360656562,-0.7522342768297505,1.6923458229310335,-0.5155049029579084,-0.30286364849352504,0.8015786333526788,-0.6383567153829189,-0.4883011396701654,-0.5950316806039395,0.5716252259583097,-0.81843485227476,0.0583865877586911,-54.16306338892646,-6.206027963220621,-23.508593682529998,2.033717035907716,26.38136421609423,-38.356635710193906
15,0.4448588325783901,-0.29355257052138023,1.3424295284550738,-0.4376252274606163,-0.15927199407247927,0.8849387505326117,-0.4119750255290838,-0.839286691090336,-0.3547878640807006,0.7992250863369809,-0.519836784060931,0.3016769452689986,-33.56922942532627,-50.13297994169099,34.203946446321694,17.171201484675866,-1.706019683640953,-39.170126525517006
16,1.1176259932802854,0.5121673837125771,1.5442860334753452,-0.04829485443655426,-0.5667822727199339,0.8224508875096301,0.4996009647995403,-0.7267150500024101,-0.4714701603191477,0.8649083668264058,0.38812767413625743,0.3182615678388748,24.68298998164402,14.397930983393696,-28.245542906586103,-5.921608865178236,-4.736068080095702,-23.75811360431432
17,1.1445994250121183,0.5165067417886904,1.3046952443593682,-0.05288120621063439,0.8854131612656447,0.4617868684656219,0.4092862360974452,-0.402591200015946,0.8187826955981097,0.9108723044263092,0.2323012258411431,-0.3410979118989259,25.616615518902787,15.379727499415655,-17.769739054798368,25.923973296400078,24.94014657971263,32.888818263842076
18,0.4594829210996978,0.18455591901722754,1.246352498285477,-0.7787865565384717,0.42219945761626493,0.4639386999846867,0.006494939689985464,-0.7341263786435177,0.6789817935248172,0.6272553826898363,0.531795146807759,0.5689855944734814,15.587217548860838,-54.088885298161756,47.006143130663354,36.03013225459979,-35.753430810256205,10.435148181599844
19,0.13962214706421697,1.1226899789144222,0.8810880174562403,-0.9501862951062574,0.09167765302842924,0.2978946332639163,0.3094344729253202,0.3920552772701671,0.8663388289405257,-0.037367252476914116,0.9153621510089934,-0.4008937776300789,81.53703641225319,15.453165879691632,19.723619748298237,41.98723889322622,-14.869994698095468,34.37892825500127
20,0.28916234897224924,0.7369968850909022,0.2694408563803721,0.5933550932062164,0.7057528056366276,0.3870952217507607,0.7554712061264434,-0.6542557292839756,0.03482380526235144,0.27783626487573426,0.27177641184459256,-0.9213818925314188,70.53771073720915,53.29290526860333,42.621614848450704,-21.200568384007727,-28.29324377499929,-0.3613513853728828
21,0.7670465489403726,0.2448627148097931,1.8154188840373369,-0.4695388181646524,0.10432365144030878,0.8767267955222439,0.2021968968134817,-0.953899072287158,0.22179489355866075,0.8594473300648152,0.2814127496043141,0.4267987244645888,17.612697085583704,-11.098923949084714,-26.16786347554378,-2.2497603650807307,12.0103042276469,16.176535207162885
22,0.22484747816867956,1.0085155904401328,0.2966615969047485,0.2000210523668428,0.9682123645923998,0.15018786788703886,0.976910767004988,-0.1853300618582128,-0.10629262195165094,-0.075079503992676,0.16798090731397122,-0.9829269977257664,76.44711717405553,52.581326839981664,19.149329990867372,-33.49693848535302,11.746353269910419,34.812177870153825
23,0.12609097448639936,-0.5224144946356646,1.2565531556526852,-0.3186772556080701,0.3509183142082081,0.8805118644921136,-0.8983847560664694,-0.4080305097409373,-0.1625297916935271,0.30224102439195644,-0.8428329845668241,0.4452897071578016,-78.62108354737464,-50.91837191779069,43.844734706269804,21.338262225579523,-20.934487983904145,-34.242505517779534
24,0.6889283953621239,-0.460462924730321,0.4833083957054482,0.3620034516064767,-0.9297887038867444,0.06668183522973177,-0.9052052712834407,-0.36771170343587656,-0.21305285728419246,0.22261383125419196,0.01676512096269267,-0.9747625417779638,-35.3132597782645,28.63942514953027,42.62128184816976,-43.444775639195214,11.948044852108731,9.100354163488433
25,0.5341476767003301,1.0094842142333884,1.346509939509782,0.16762011451645872,0.2632244179886184,0.9500612627531144,0.784603629862521,-0.6191133172174461,0.03310354135989335,0.5969092403506964,0.7398726959542183,-0.3103026789529724,63.76744776147916,5.612340572895325,-9.360398792800966,29.371845929326998,25.143518025018157,-28.991189594033518
26,0.6523781790913655,-0.4193563228980217,0.5512454112802804,0.5567866621700711,-0.7679980025607324,0.31649278173796763,-0.7752792240700322,-0.6172566865006764,-0.13392650109509546,0.29821257108794075,-0.17080178872872304,-0.9390931856914886,-32.95395488262769,18.116973746700662,49.98661674876369,-30.69772200478928,2.1212357994124833,10.704765825132384
27,0.8854165812070438,-0.7192535840934179,0.8116867872779514,0.9555720809368216,0.29196294945609386,0.0404923977923056,0.2378636820321094,-0.8449481338399684,0.479044381963177,0.17407718662765487,-0.4481297661004602,-0.8768562287117241,-37.08364154899308,21.464135136602675,10.794766228650946,25.766865760315966,35.51547234024316,35.29198818761244
28,0.8404879068702277,-0.942329528593654,1.4193595813382285,0.6635888281514482,0.5501519051963077,0.5069346588678473,-0.4175171411887436,-0.2899209980475982,0.8611766669532236,0.6207489862788069,-0.7831211247948542,0.037309515326199125,-47.79417407555045,15.371000117904147,-22.46888871558053,37.56499931260213,6.24190488269559,22.25827488884337
29,0.9112837287643892,0.372698047224976,1.8694280083744943,0.029625612264309095,-0.7924497289366547,0.6092173259241627,0.6079608286864555,-0.4695007139922059,-0.6402754956608032,0.7934141124790026,0.3893488238957856,0.467869147786136,21.600724148448936,7.195960188139253,-48.913869177927495,-16.433453377270244,14.309328831128786,-32.60045955125334
30,1.3572768882490678,-0.4885422391545331,1.3339592973336714,-0.27411964827956725,0.05549432938817756,0.960093119355015,-0.2617839953198793,-0.9649400703806562,-0.018968404469958292,0.9253796832767875,-0.2565366250256111,0.2790365599684408,-20.30092401485754,32.208672603089646,-35.589804859507936,19.9126108569177,-13.664661785552411,-21.867472931035014
31,0.2878777782684228,-0.7773639233459299,0.8817047550130863,0.4129430141784863,-0.04102519763540413,0.9098324022588788,-0.8776313110157721,-0.28489853561840417,0.3854816549814349,0.2433954579812934,-0.9576793605176344,-0.15365185801874146,-68.27744609382435,-7.4810073994512996,48.89824627492178,-13.540167997525456,-33.24052585327976,33.196534833304725
32,0.5204027334597002,-0.41981289507896064,1.023385454075329,-0.747866735136905,-0.5168501464953523,0.4166068560926468,-0.2296056257198423,-0.3874433782580329,-0.8928431470766871,0.6228776790939503,-0.7633829672659298,0.17108431305879054,-35.337440578549646,-32.24205790703661,54.5009748310523,-26.868788843766627,-35.50348560883903,-39.86503327655633
33,0.039052899384298206,0.06532401218510607,2.013881199806245,0.7040844021002078,-0.7093389061001502,0.03321853416144853,0.6981878774063415,0.6829613670805538,-0.21470318795557855,0.12961034897731008,0.1743619435774439,0.9761142710102524,63.81594263843055,-37.05190540022277,-36.311563965010684,-27.778098312989147,-4.846102538278681,-43.31466902904082
34,-0.196958441581722,0.35388758654516483,1.955615880916577,-0.07706518982842309,0.9391024646112948,-0.3348843344763998,-0.9798727427067646,-0.13337575216366565,-0.14852715857747786,-0.18414767068044047,0.31669775764246977,0.9304795353403532,-61.081321842597596,-45.75780111231597,-54.558471442680904,-2.3770709718718304,-11.17870983392808,25.07987916063572
35,0.7994211703223675,0.8039969764443036,0.5731956172632716,0.4820807600136432,0.2677019272806137,0.8342264794136621,0.7306153260757162,-0.6483349536320882,-0.214156562360701,0.483528061365566,0.7127394096225655,-0.5081369380815906,43.718536195041466,35.584730264985,23.45358749629458,21.445966423076253,-29.66434752614911,-27.01257351823372
36,0.3909011916307103,-0.22206210575423774,2.100954696672256,0.015856498364665517,0.9749753917320132,-0.22174660533279636,-0.99492319856798,0.03742781582089305,0.09341834698889094,0.0993800805537553,0.2191395539830381,0.9706191093674408,-34.3773235239616,-8.690477837964258,-54.962860706196146,26.84897667338114,-31.64839236081258,33.56369456187712
37,0.5752487339150745,-0.2796527193853671,1.046196515995865,0.29158465622109864,-0.7117778451430051,0.6390232291708995,-0.6736360724321927,-0.6270934993065654,-0.39111147393751616,0.6791117950489106,-0.31642699361942384,-0.6623300744601741,-26.140605556774243,-36.55746611691903,42.586527982789725,-1.495161227797417,35.46378333109497,-29.483762809136454
38,0.16041107538697533,0.6914145269406696,1.7423313915997125,0.4242730153628471,-0.29987273919321866,0.8544406057320035,0.8596551128596073,-0.16315292663451034,-0.4841221018141289,0.28457950623552136,0.9399241792928564,0.18856574930616893,77.99503492856095,-20.77117901896421,-16.070413536155367,10.763688779937649,26.33673041214781,-38.289702374669034
39,0.16266088007168855,-0.5795239679776321,1.2889849775665665,-0.3054046635109478,0.2467101617249018,0.9197076098453448,-0.8804505812841286,-0.4410317248737208,-0.17406260819415126,0.3626772193317423,-0.8629166319851435,0.35190925083210284,-76.62731373788783,-43.84156515405634,38.02263655467178,30.86157095842357,-17.38444461997298,-43.75505140857271
40,0.3712003000971402,-0.6712146725864454,0.2652390770001664,-0.172571718067897,-0.9135714893733904,-0.36824738414166586,-0.9727572188362752,0.09931538006368174,0.20947517391023124,-0.15479791770243373,0.3943647918956405,-0.9058222869791286,-61.65785741334428,53.66861952443764,34.14008905907102,-6.393903203769973,27.242303655625324,-30.208981724517674
41,0.2816612201809488,-0.5986538223159208,0.5637559024348013,-0.42383495809696997,-0.9019163613208764,-0.08313125451146612,-0.8874524243884296,0.4318750773040769,-0.16097239530645033,0.1810859540164237,0.005549304939173827,-0.9834516167421018,-67.11638411985142,11.87847632787303,56.140775185197924,-28.78831661150029,20.543278731647185,-21.537183379420924
42,0.6392426730297153,0.6864242386465718,0.7142109416841799,-0.016299569457539492,0.41448936575763895,0.909908176526252,0.6755479264724934,-0.6663390048961779,0.31563797235549096,0.7371358918640531,0.6198313449865225,-0.2691463926898989,48.38429427480072,15.444951958928995,43.45636927833532,-11.639181351331336,-43.72410383539214,25.342595388695912
43,0.3644196869572207,1.080654354058243,1.047989171294336,0.35211459610824164,-0.08122970971682324,0.9324253565121716,0.8843860286116326,-0.2972473564483443,-0.3598685336077823,0.30639298882982696,0.9513389213859548,-0.0328267124783142,71.23891385732773,10.094546947972397,15.676285111428234,2.2428028065040637,-23.90568758837898,-23.12476580845189
44,0.8517709385277596,0.6746871352246124,0.4469686302145055,0.044517961806415804,0.9920685167210592,0.11755087922886835,0.936990042454092,-0.08227742629007183,0.3395292115046377,0.3465080250419629,0.09502885484924717,-0.9332211449209448,39.61357263218946,41.76925315767173,19.54167028685284,42.595597159834135,12.607420974572749,6.176285676924878
45,0.8115012395167838,0.1580651701847998,0.955900752807308,0.5963361535899191,0.4016565978911824,0.6950217041877622,0.3922014172572907,-0.901225777219538,0.18430992045034345,0.7004007711467434,0.1626778283771961,-0.6949638004468484,10.69505653340313,-13.596466372478693,37.383658528861226,-4.93189997993358,20.331010003035363,21.13329350040795
46,1.2438486142694651,0.39045456449807264,1.4383674216303268,-0.2799167871995644,0.14031974525881424,0.9497141471697552,0.21392765077984655,-0.9552696543845591,0.20419316257852804,0.9358854376875888,0.26032721045351104,0.23737773910331936,17.678715222565643,19.3793399124352,-26.615169560422892,-17.7198016280352,-6.82617963410986,30.24295132219606
47,1.0378962619847876,0.557936757010408,1.207122942416779,0.7032436061376284,-0.3102338855940154,0.6396900551484159,0.014152343030448043,-0.8934823472375021,-0.4488752681555449,0.7108080905654441,0.32472177537732705,-0.6239452115230184,28.694559286396885,10.697264565489434,-7.4907522317723005,5.564386518007601,35.59937729838696,-42.17401678154015
48,-0.002336985319806761,0.8023992900052614,0.9710127672302492,-0.2585620334278281,0.2716429115069916,0.9270144570057532,0.9626508332111364,0.15223567182294576,0.22389210245678884,-0.0803059660770703,0.9502812367150164,-0.30085963996489684,89.09078591269545,-17.47329829333802,44.55976123409816,30.15006476053317,-10.946322714058919,-14.385094546146055
49,0.12596163029282398,0.5773456088829109,1.0233340334407806,-0.4920824962158421,0.4749237088153154,0.7295904931693471,0.8525048705445691,0.09314085938720726,0.5143541834285007,0.1763243109040073,0.8750841394504404,-0.4507077614890928,77.40548539811694,-44.53500028276288,50.1171846586341,-2.9639161749930705,21.237876598572093,38.48835259600486
50,-0.5398285378740927,-0.4272128032666992,1.7630708493954674,-0.5074802262725123,-0.8012592693037149,-0.31693438326769896,0.8077559803622183,-0.5704379594634247,0.1487642786164614,-0.2999901600577453,-0.18051071369334626,0.9367079513436656,38.995086515671076,-59.53177132352085,-57.78755599892477,-21.69690510480726,7.534693377933833,3.843073806270355
51,0.6602978022018376,-0.4772864445509163,0.24450017406020325,0.9394685672197948,0.03060863025606303,-0.3412651798233063,-0.05133304291123353,-0.9721868742072199,-0.22851170719389494,-0.3387679588028646,0.23219774627037734,-0.9117677756509592,-35.7549988205498,55.906154196984026,29.25753402503802,1.1216220477094414,29.08441665544845,34.03655890131907
52,0.4524201636842001,1.28541806502163,1.24403332680903,-0.27350095202077346,0.5622717503342513,0.7804150870016469,0.9443443200536378,0.0027814670382329547,0.32894690851799746,0.18278685517882046,0.8269478473381334,-0.5317388676377385,69.85811032067554,26.31008004165553,-30.031817953069915,-10.944944976527383,36.579550191340154,35.78281272886592
53,0.426556238826208,0.5154447188201007,0.7628069439254029,-0.039224511924279316,0.9988885498233616,0.02613623339511842,0.8841443557152134,0.02250811631770849,0.4666713436207103,0.4655643842920467,0.04141315891851943,-0.8840445431917767,55.25307269867665,-12.699236370264986,53.283557409551776,36.983122540212726,36.631258533989474,8.981364215376331
54,-0.017989661351316414,-0.7320839376270659,1.7885596037211438,0.6760214310912565,-0.07990893575015935,0.7325364063939801,-0.6995803849306073,0.2426818015416644,0.6720809685006977,-0.23147852972937505,-0.9668092392958236,0.10815537474650866,-88.16267029212489,-15.702038057834745,-25.557689528479944,25.458942852526878,37.613081246277815,23.567021362285143
55,0.4510630337962458,-1.1466854645180542,1.4368251103209633,0.09125605056022652,-0.08282050560923962,0.9923774972694508,-0.8518136858634693,-0.5226937944821246,0.034707949890036616,0.5158350296478906,-0.8484880441470629,-0.11824661148486,-69.95025409138647,13.492455524464473,-23.747101107569218,-33.76159818546051,20.396253909006163,35.41984648833147
56,0.07304650887922384,-0.8226321860603736,1.462824553476744,0.22342452177817396,0.30144619866933153,0.9269367143316768,-0.97029207510388,-0.021771542458646383,0.24095495207523335,0.0928157963861803,-0.9532345929763466,0.28762656117684593,-85.03491387003444,-21.260831184571586,11.927359285533823,4.434914420999517,-7.405225253288022,10.001834052460662
57,1.367159296600127,-0.6817261445951549,0.6900344975477856,0.7751164618376769,-0.4000242000842203,0.4890553240025314,-0.3042617120315045,-0.9147087178866936,-0.2659563347877596,0.5537321384748217,0.05734632306487247,-0.8307178329920697,-28.360908633862948,56.257863820954256,-36.051262392058725,-26.79739452530975,44.05683949805797,20.926467259514933
58,0.7627867661806711,0.04096593575321273,1.4577669267584057,-0.6243443723739893,0.15797746642263485,0.7650079900155389,-0.10626409248712328,-0.9874092257718824,0.1171791940084077,0.7738876193174417,-0.008132709465930291,0.6332707254436489,3.7740033753040616,-24.770379352787298,19.179526110555013,-6.072695027715657,-33.93217068321082,16.527398788300623
59,1.0271811017732946,-0.14273589413329835,1.6540926834034997,0.02154668406223792,0.6624804124677721,0.7487692858968327,-0.24418900684995515,-0.7227729634356348,0.6465067457189468,0.9694882512643228,-0.19677130487700945,0.14619707328617876,-7.279604716473697,0.8954828509336327,-25.22945121129881,14.824248940304962,16.423688286615473,27.17784592164142
60,0.9247644433611644,-0.11403035802623306,1.2891452999994724,-0.4518612197044287,-0.5264675244338239,0.7201759395062759,0.15891655690477574,-0.8418837533112896,-0.5157298458030395,0.8778194381925917,-0.11859043649053892,0.464079025925786,-6.912087793803433,-10.673946166230536,21.636593105056,-1.1095392786536156,-38.620713304918795,-34.37732194946809
61,0.1329317591950297,-0.3300035662674054,1.8723374618910336,0.026965602757906687,0.7658109143974052,0.6425001942861284,-0.9768011596108394,-0.11640831815730633,0.17974592637027131,0.21244375926541695,-0.6324418920767324,0.7449059687608768,-66.64151968011323,-37.072800705343425,-16.213022042922322,32.45020866347675,5.9606487622503534,-13.107868342342949
62,0.483138377863082,0.6166435033857767,0.4110927254228313,0.2500139077836763,0.93161768652553,0.26378311558466894,0.9601297255277972,-0.2737340657992988,0.056750078228156524,0.12507580130725585,0.2390777015403247,-0.9629111571445952,51.32323538156489,35.62115502692029,47.052214878532716,20.310592466344854,-8.575988657151235,2.699117515807058
63,1.035571071973429,0.3650405322772882,1.2857156445034117,-0.3445444278178254,0.25201104159050985,0.9043116565521832,0.377904882884526,-0.8445630993205906,0.3793429461029039,0.8593468663768549,0.4724442889722177,0.1957533066535931,17.886662273234545,1.935971149283002,6.632596443063448,28.85043099078845,-22.63106872578044,-6.357022192782343
64,0.2759829312870876,-1.3940427000206053,0.5495521557579992,-0.2899032362857063,-0.6788828031337264,0.6745919160502651,-0.9447714215818248,0.09042954963628322,-0.3150070753409149,0.15284984315769434,-0.7286567341086427,-0.6676048900995223,-78.86033743583461,52.07484907989761,-11.260850654428527,-26.196919306542817,1.1931805073284962,1.6336463984143157
65,0.1941348158287784,-0.07403912488681455,1.9117267401477545,-0.27547632538692074,0.8640095039250151,0.4214265906164065,-0.7955207908070971,-0.4510084247659663,0.4046456130786203,0.5396845982098897,-0.22378332805946666,0.8115796674003476,-19.56094324252028,-41.23980305973193,-21.79637169090784,11.22580798939945,8.917282512608104,35.146291562120645
66,0.5435262019378062,0.8726156728392984,1.496815736768467,-0.13645049430659095,-0.3981251974742185,0.9071260054367316,0.8133257281344332,-0.5678090622840066,-0.12686263730015615,0.5655815790476921,0.7204784493128656,0.4012832933447984,59.09756471194,-3.4511681311605558,-3.376005881236449,-21.64883030964086,-18.207532398738305,15.611425208006516
67,0.729071636801449,-0.8330066032657438,1.2743461128318607,-0.05994430776808901,-0.5915158666308877,0.8040619749062345,-0.7744673805539664,-0.4806380202905891,-0.4113239233366093,0.6297673827883453,-0.6473762993615481,-0.4292982303723889,-49.2527555824252,2.9193119742824147,-1.897999511010024,-7.521561570699425,24.629380788918727,-18.760212256989085
68,1.090322063453339,-0.4300224755384365,1.7677795919776764,-0.4443387670453088,0.8958582222098145,0.0010515701238885539,-0.7372952296596675,-0.366359009607932,0.5676062194868844,0.5088799508938749,0.25143413009805554,0.8232995043118156,-24.944804813943872,24.100220244397928,-54.791104895949786,40.04631469136671,-43.46375109225345,12.791393186879311
69,0.23433761030149786,0.9998293907639956,0.4931913726011189,0.6227260915191661,0.19407579580449272,0.7579886545484148,0.6209986635493581,-0.7119288924176448,-0.32789924063787784,0.4759967172273087,0.6749013539946698,-0.5638575064366768,79.89826714599555,37.885529132601754,32.06645633555517,-34.515409237255334,-38.178771833652355,-9.789532918168074
70,0.2847207046414487,-0.6469370109594247,2.0080328906398464,-0.6700589197942217,0.3017806676949273,0.6781957480033364,-0.6637643434076981,-0.65260617216828,-0.36540673292703946,0.33232204324231684,-0.6950061961259548,0.6375958335197798,-66.61989205388898,-4.326210591928737,-51.48691658109945,-5.992189300214224,16.264268093480062,-23.94859945757837
71,0.3006806223011688,0.3257234943189774,1.5903640689042964,-0.9707436772829284,0.20498681559227105,-0.12504846439903933,-0.2380409283757987,-0.7531943768324293,0.6132167211728627,0.03151554272427198,0.6250429074402404,0.7799539309635191,37.50819813220431,-44.97603308646407,17.309497208590205,43.48916854939943,-43.83362200838818,24.63394649671894
72,0.5575888797293471,0.7318077496978457,1.5418312782600676,-0.0918662689573932,0.4296235422139657,0.8983229934736019,0.7933994964793085,-0.5135674102646419,0.3267502931910677,0.6017290317196167,0.7427463410139383,-0.29368358022909385,53.03025348199131,-9.760233812444758,-11.511996130933845,3.1441056314100377,38.40308040297785,16.923056224619806
73,0.5452478094644443,-0.18945338144222448,1.8735516923620843,-0.3419564845407223,-0.6504575328064998,0.6782114424689634,-0.04617930966054962,-0.7092160495316882,-0.7034771257446409,0.9385804355726928,-0.2718779010915514,0.21248334724920648,-20.256772837386038,-21.173320393482726,-31.23377794644784,-6.207479320491299,40.27471794054117,-42.17688341669468
74,0.3672886375541416,-0.5129343062797902,0.9764103730776544,0.04711828326480797,0.14644938451804534,0.9880953623797974,-0.8527875352388448,-0.5091820472205629,0.11613381303277863,0.5201281449060735,-0.8481074345639013,0.10089842572609653,-53.04229855871075,-36.24347651397311,59.35219908170947,-11.078166602218618,-29.384139293192067,16.935538498729247
75,0.6828780666490005,-0.2505005774556649,0.233847726794169,0.5977348270279048,-0.7991498663287281,-0.0638166726232036,-0.7965886893187103,-0.6010128558494072,0.06503850515839789,-0.09033015336763224,0.011959859970590537,-0.9958400600207162,-19.901843809209808,55.90420537263334,41.09803368353344,-30.539743944474047,-2.199713636581984,-2.7121998321995835
76,0.4984848801728934,-0.2450896636884044,1.97829965605944,-0.8164508636746662,0.5153855492034332,0.2603569144024548,-0.5048415287628992,-0.8559997052016423,0.1113532017098756,0.28025527299451536,-0.040524564981959284,0.9590697271793082,-27.722152764782862,-16.500575730987887,-31.7382163843358,12.13044894918175,-26.723927258794056,-6.464421208372946
77,0.7395959841948092,0.24335457795610624,1.6829510450816147,-0.22436993324541274,-0.3883741619494203,0.8937693457405745,0.39125503194586,-0.875887417457345,-0.2823840149812786,0.8925119792095191,0.2863332713290378,0.3484761465258684,18.31318414031337,-19.158766507592897,-8.455397079515858,3.9176296230851073,7.235966728281977,-21.236997198879408
78,0.6921915074116272,0.15520564924884667,0.6155169815905142,0.5966808195075608,-0.8005232364561954,0.05598702997556049,-0.7320738930401371,-0.5715818770456091,-0.3706237620041061,0.3286941051507373,0.18015744704762174,-0.9270941049928209,11.1970985554021,6.1962100618958935,55.34363731530959,-41.50740204504217,9.808782101363514,-23.998204268269824
79,0.8601066860652293,-0.1092294581937035,1.173891744345084,-0.11601531005308355,-0.35785441850314825,0.9265423158124301,-0.1009808986952849,-0.9237582470055336,-0.3694232791635585,0.988100858177939,-0.13642183200293673,0.07103363865791346,-7.09908825049219,-17.164926746258633,31.161062612729683,-2.4482762058078253,-18.085287694305887,-19.3561802152211
80,0.4942343262664244,-0.8597575051923019,0.5751216394906883,0.7762111341890294,-0.6208536070430178,0.1097135988957363,-0.6256411812226046,-0.7800130906788412,0.01235680897423827,0.07790627394096455,-0.07823283831816212,-0.993886429874822,-60.372567546038034,28.19023884843801,25.830716935485178,-3.3399795822572584,29.90389060964461,24.485931981102556
81,1.2328004219247184,-0.450538079364445,0.7064701215578871,0.7210715918590784,-0.2438590468565261,0.6485279675388265,-0.4114036975017889,-0.9038397279125272,0.11756166011445025,0.5574968673415766,-0.35157717717911585,-0.7520576649373991,-19.037202741492845,36.92609437062328,-0.9801736096121574,32.95397129207629,16.062007000023566,-31.6500646059861
82,0.6070386566097812,-1.1453750718108848,0.7355398112284888,0.9759426269442664,-0.04333426812744162,0.21367763130235204,-0.1653279272693678,-0.7860004764999202,0.5957095998947077,0.1421360804930948,-0.616705271704205,-0.7742557345440221,-60.845443116169385,34.59040807079309,-0.35635470597852553,30.59611059523057,20.26706088301993,28.592402693842
83,0.19569212621955276,-0.7574327146599337,1.3109805148627998,-0.2294748351230675,-0.3073265631179187,0.9235213498600718,-0.9672788325723004,-0.03349724573350876,-0.2514947207911856,0.10822642977946016,-0.9510143627361244,-0.28958370424938396,-73.60939840108281,-25.580315765046524,19.721862855142536,23.176757300873195,24.711770933630138,-39.37800122307611
84,0.8694357756139137,-0.016696969826040468,1.6997400943473775,-0.5576005016532171,0.30442974608171663,0.7722721089465177,-0.2746219884874243,-0.9455916835243918,0.17446813889280646,0.7833673748601568,-0.11479938044313745,0.6108654993159935,0.11074986020093974,-11.140940925348449,-11.789233368578474,-24.310884626181412,-16.411160733803865,41.3434231993436
85,0.2614995909309521,-0.3821560972462476,1.3147555038815093,-0.5950502580461869,0.0942127505530488,0.7981473222609943,-0.6457984849235949,-0.6471934990351732,-0.405073933593608,0.47839262877845007,-0.7564816801746348,0.44595511017433787,-54.705850677161045,-57.8056804409964,39.80978132884553,-17.48345657821807,-8.925775350831158,-8.29193778931159
86,0.8831850985119454,-0.13763145264273904,0.644028765127269,0.8437873659646542,-0.4904073469026154,0.2179988879383764,-0.4915208024974074,-0.8692529584212494,-0.052977306351024836,0.21547663852662924,-0.06244940656117935,-0.9745100768434471,-8.556729573233794,16.142826303170285,36.166623218267844,4.04554293608585,24.89104776803421,-24.744085672853004
87,0.4964179144340369,-0.2656820523003902,0.8537838759416421,0.7968138712634413,-0.07310477772016033,0.5997860835636768,-0.13862722299189312,-0.9882933741296692,0.06370792491479567,0.5881072585912572,-0.13391003743513513,-0.7976201817070558,-31.216393148300277,-37.76754829696061,58.09368512948476,-19.11137180891634,35.53268970315121,36.6614006129518
88,1.142121184844439,0.03644708843836494,1.1545907348164366,-0.14401632357106464,0.1932156532790356,0.9705292421524608,0.11553512903997368,-0.9707629920558758,0.21040638586421284,0.9828076782884791,0.1424321753771912,0.1174825217405977,0.8094652431441915,7.743185772978804,10.772784707009619,16.859985970848133,-26.30612862287559,-3.845375469177797
89,0.2478239884540609,1.1035994574370986,1.6387107725561707,-0.1313040245598434,-0.6194445135814232,0.7739817489632828,0.9882316428055744,-0.019988982295436,0.1516530934224159,-0.07846956921114892,0.7847859167828298,0.614779303105716,75.12349529846445,9.556211300237855,-26.567194815513865,36.713173743517096,-27.63891946594038,-35.366756598890134
90,0.12863346151818572,1.0717427261145491,1.4397532836392937,-0.15095600075831045,-0.1527297017100594,0.9766708371046066,0.9831909719321696,-0.12584209168780874,0.1322848467161406,0.10270247585200973,0.9802231410118788,0.1691590827554759,83.0105089456642,-0.31592571731611985,-4.6533551545021865,11.778718766858598,-4.873264279145124,-4.1944139780922285
91,0.4831075399832671,-0.8597914840474544,1.0289903982762123,0.8034330175667062,-0.4727597905023692,0.3619303341360224,-0.5933393364934658,-0.6862165233060049,0.42077941360208304,0.04943498814757147,-0.5528155783133967,-0.8318359924413432,-58.3954544955173,0.4913806317215737,16.38931854480945,20.801866470229736,44.20280332517642,11.544377655022723
92,0.5377677369374871,-0.7239170545945675,0.2573028510599493,-0.06143335231237379,-0.954209104751447,-0.2927642868129678,-0.9975429873764871,0.04880189912313354,0.05026293841360047,-0.03367390027391623,0.2951327820683725,-0.9548626651979462,-54.82352269537551,54.886942878773155,24.23426763415416,-18.09288640684859,27.313111213027984,-21.121850846842847
93,0.09293996948173024,-0.2529981407540123,2.010828315576953,-0.8351896681806129,0.5403336488876219,0.10245860649133293,-0.5457600241692109,-0.791312307214259,-0.2756280618334583,-0.06785436008968107,-0.286119521059005,0.9557883685658584,-63.48673796750581,-29.725019769405236,-32.773914124769895,-38.00887368809249,-17.819666019319182,5.627911812650101
94,1.4609810676751986,-0.2023571773952719,0.8870069714962885,-0.10080993913364056,-0.35485281918830724,0.9294712652287764,0.10774691533786288,-0.9326297209806176,-0.3443724811578169,0.9890540725395388,0.0654314928587609,0.13225264207276466,-9.258972909167591,43.17488202944186,-16.115552825021727,21.880440941050697,-36.89149171082009,-39.89132015794639
95,0.4355042026451805,-1.1842135638237206,1.366377965834983,0.1896233749182762,-0.18448389725361009,0.9643695698946138,-0.9212111968640958,-0.3732680536289242,0.10973099339883262,0.3397247510217984,-0.909195607003352,-0.2407289798694437,-69.8496811463649,15.57191505111229,-21.945141182563,-0.9456459053276876,20.305568337758967,7.459771618287856
96,-0.19664952993307003,0.5818807314550529,1.8447203325436092,-0.3771895542975608,0.7536790775559657,-0.5382340459160829,-0.897125923621892,-0.4416558688047637,0.010255277464623095,-0.2299850371097531,0.4867318991032928,0.8427330188742622,-72.38724627917549,-52.325027366427776,-59.73151691668095,-22.00359384842089,-11.068299346741817,14.058805999800516
97,0.4288447281017152,0.07352632927737401,1.339129584547613,-0.13202846628466106,-0.5760766023770804,0.8066624029197096,0.3463446125914954,-0.7893051590656984,-0.5069938611079224,0.9287700971819493,0.2124455555335341,0.3037317772553293,8.062429623425835,-59.681740100397356,35.647986140148284,-36.23989823450894,7.785639599398436,2.3699193421633638
98,0.4644274876257434,0.3173414124977117,1.4525913287576584,-0.479014961095694,-0.5558802612160918,0.6793686791697275,0.6821726568943913,-0.7228042592042008,-0.11042856995322127,0.5524356371851273,0.41054979974005096,0.7254403688114318,33.79995184893433,-42.217231686719884,28.45732942320157,3.5789001137899685,-32.83115015298659,-14.286221757798087
99,0.5264559366845498,1.0709903981404585,0.8639377056703772,0.9569117608809574,0.10703124732977136,0.2699336844166339,0.2450422991141914,-0.7964101844578979,-0.5528879540526892,0.15580164804178664,0.595210156320245,-0.7883214549158819,62.811292603837785,21.500028059283704,6.95083878026368,-18.14586215534767,25.357660950357158,-37.55061754772888
100,0.20975629890384728,0.2599929357851,2.0296377366980254,-0.6855411636432516,-0.5086678922146595,0.5208553430469464,0.6651588116681779,-0.7284559141822086,0.16406016077384544,0.29596801889872104,0.4589215145565291,0.8377314457905397,48.99711512704004,-25.462851420679502,-39.76113238003077,-29.094392107423143,9.199369137774307,39.39386370958193
101,0.8382988161627455,0.1874083272707001,0.6565803927003848,0.6576643185629386,0.7531719477845471,0.014479680921118862,0.7155912047732106,-0.6306243197799448,0.300403387053653,0.2353866430797861,-0.18720305652556432,-0.9537023350538236,15.155382997179153,13.499601760577118,38.636740613305825,28.5808016069595,30.42024335178409,9.731660513164824
102,0.5878520364304239,-0.2390933215564439,0.6085856937934033,0.13099290454897314,-0.9890333348112316,-0.06821965691791408,-0.9465458323099358,-0.104311521724462,-0.3052377659664966,0.294774229359546,0.1045570134792564,-0.9498294502897792,-25.27858493736416,2.6755118260407964,60.06674053599199,-42.83284321927726,18.91783978433065,-18.013016686154455
103,0.7739523492969559,-0.2640585405818132,0.7216706169790084,0.9175228594738728,0.12374620155217453,0.3779400480820954,0.007891600839899732,-0.9558333347240764,0.2938032655816395,0.3976047346034397,-0.2665886603583512,-0.8779754900845854,-17.332673737439706,2.7118926414222937,44.7718939030904,28.074484089372877,16.80065861015161,-3.774190360146557
104,0.6933788547363741,1.3093704004939228,1.3043842467920914,-0.2167400547598141,-0.2648905120879389,0.9396045792079252,0.8461462125437347,-0.5310065600322179,0.04548208659069605,0.4868884221878825,0.8049006459237935,0.3392264944411833,62.4604274586278,36.43741318490893,-38.89438404225569,-11.27884147587306,-17.73110521645346,14.760106339939663
105,0.3860275552640951,-0.11902272984594794,1.5143696794826798,-0.5328473193141553,0.5920774603146767,0.604580859180177,-0.6190438642099979,-0.7598468946301565,0.19853813463629935,0.576938842931963,-0.26847155847171245,0.7714042998377035,-14.562878003049455,-53.591535206911274,25.655811582007278,-16.46781111791631,-23.884782792855468,41.356242451573884
106,0.8692628474056336,-0.04338534573142397,0.26601272935382864,0.6105605843847812,0.7916628465886002,-0.022038832250127288,0.7912765956692981,-0.6086262556377328,0.05878290648138392,0.033122831124780774,-0.05332933788851715,-0.9980274844805886,-2.3169684792826746,52.34606843056082,31.96888704035944,39.15889677591044,4.718634836190343,15.70224815155586
107,1.1607166534122766,-0.19978406135964968,1.6012915440126827,0.09169059315597904,-0.1480630249459987,0.9847183230602268,-0.11887813936433235,-0.9834395329581872,-0.1368015825795043,0.98866618385984,-0.10451806379197393,-0.10777361102421024,-10.339765035711183,12.978713740378685,-37.746542746047,-8.274214436670455,31.23738019472181,-0.3564448401121468
108,1.3190285552006673,0.8451466978884107,1.0266164304973464,0.4193510575114237,-0.4563983636404669,0.7847580673241628,0.3589550869258701,-0.7106337600071613,-0.6051040445312901,0.8338440718348316,0.5354439212507586,-0.13417850446893365,32.64274265099984,45.81930473413917,-37.14122562391914,3.715659249694416,-0.9689914617696096,-41.34139503799807
109,0.5130978142611465,-1.4283928965545294,0.9105711682577462,0.27233586070341664,0.007528553083696868,0.9621728014568875,-0.8938910578719663,-0.3680753648876504,0.2558892385766938,0.3560785806973881,-0.9297654793824564,-0.09351041502017132,-70.37939516165227,44.18172957157465,-23.438171853866663,5.001052483974097,-15.432482548984034,10.196301974886936
110,0.3791217617951753,1.4839231300476514,0.8326299551229441,0.6894877636891585,0.4061270954926852,0.5997227743129309,0.7081961333242879,-0.5516313461877609,-0.44063714624122,0.15187119696456852,0.7285352703951635,-0.6679607019299827,75.45580800406715,48.652116987510226,-32.52903190888515,-4.72157213187934,25.89649454791376,-30.20642203419036
111,0.07552218835235071,-0.6630817151124089,0.9277504379872156,-0.609528244081345,-0.7590071355340765,0.22887439322796405,-0.7364108788543162,0.4351853471680005,-0.5179891225839406,0.29355465789546925,-0.4842745934060792,-0.8241988722445881,-87.1558901151397,-26.520449539296614,46.1858780732544,-23.863338105374698,41.707726020175,-23.88452600224573
112,0.4410298790385361,0.9385568538438224,0.3304441799160218,0.6973426168211766,0.7133720942446509,-0.06937960736408398,0.7025054856635626,-0.6610909495305015,0.26352381118498913,0.14212430255799202,-0.2325059388528831,-0.9621547022285676,66.7720533602673,51.682189737314864,14.757989957673447,22.791761468274693,35.01957972007545,-40.62457496645787
